neg : 0.004232444
pos : 0.995767556
